[gd_scene load_steps=28 format=3 uid="uid://bxokdwcvqi6f2"]

[ext_resource type="PackedScene" uid="uid://ducw4rcae7wjl" path="res://Models/Mobs/Bobo.blend" id="1_q270a"]
[ext_resource type="Script" uid="uid://65ren1aynfk5" path="res://Scripts/Bobo/Bobo.gd" id="2_l7kfl"]
[ext_resource type="Texture2D" uid="uid://dot52jl0egqy2" path="res://Textures/Particles/CoralDust.png" id="3_53s1i"]
[ext_resource type="Texture2D" uid="uid://cwiaehv38lot" path="res://Textures/Particles/Dust.png" id="3_e0r1l"]
[ext_resource type="PackedScene" uid="uid://830vxop4jk4s" path="res://Prefabs/Mobs/heart.tscn" id="3_l7kfl"]
[ext_resource type="AudioStream" uid="uid://ce533qig3fma3" path="res://Audio/BoboMhh.mp3" id="4_j1col"]
[ext_resource type="AudioStream" uid="uid://n28yql0lg203" path="res://Audio/BoboHmmLong.mp3" id="4_m2324"]
[ext_resource type="AudioStream" uid="uid://l8gnniynhm4k" path="res://Audio/Nom3.mp3" id="6_f0a55"]

[sub_resource type="Curve" id="Curve_f0a55"]
_data = [Vector2(0, 0), 0.0, 0.0, 0, 0, Vector2(0.249275, 1), 0.0, 0.0, 0, 0, Vector2(0.681159, 0.769451), -0.982643, -0.982643, 0, 0, Vector2(1, 0), -3.49179, 0.0, 0, 0]
point_count = 4

[sub_resource type="CurveTexture" id="CurveTexture_53s1i"]
curve = SubResource("Curve_f0a55")

[sub_resource type="ParticleProcessMaterial" id="ParticleProcessMaterial_e0r1l"]
lifetime_randomness = 0.3
emission_shape = 2
emission_sphere_radius = 0.7
angular_velocity_min = -373.33
angular_velocity_max = 320.0
gravity = Vector3(0, 0, 0)
radial_accel_min = 0.0999978
radial_accel_max = 0.299998
scale_curve = SubResource("CurveTexture_53s1i")
turbulence_influence_min = 0.0
turbulence_influence_max = 0.033

[sub_resource type="StandardMaterial3D" id="StandardMaterial3D_16qul"]
transparency = 2
alpha_scissor_threshold = 0.5
alpha_antialiasing_mode = 0
shading_mode = 0
albedo_color = Color(0.914108, 0.914108, 0.914108, 1)
albedo_texture = ExtResource("3_e0r1l")
texture_filter = 0
texture_repeat = false
billboard_mode = 3
billboard_keep_scale = true
particles_anim_h_frames = 1
particles_anim_v_frames = 1
particles_anim_loop = false

[sub_resource type="QuadMesh" id="QuadMesh_8nuwn"]
material = SubResource("StandardMaterial3D_16qul")
size = Vector2(0.1, 0.1)

[sub_resource type="StandardMaterial3D" id="StandardMaterial3D_8nuwn"]
transparency = 2
alpha_scissor_threshold = 0.5
alpha_antialiasing_mode = 0
shading_mode = 0
albedo_color = Color(0.506, 2, 0, 1)
albedo_texture = ExtResource("3_53s1i")
texture_filter = 0
texture_repeat = false
billboard_mode = 3
billboard_keep_scale = true
particles_anim_h_frames = 1
particles_anim_v_frames = 1
particles_anim_loop = false

[sub_resource type="QuadMesh" id="QuadMesh_gyd14"]
material = SubResource("StandardMaterial3D_8nuwn")
size = Vector2(0.1, 0.1)

[sub_resource type="BoxShape3D" id="BoxShape3D_q270a"]
size = Vector3(1.31226, 1.54019, 0.346389)

[sub_resource type="BoxShape3D" id="BoxShape3D_l7kfl"]
size = Vector3(1.36426, 0.427993, 1.83462)

[sub_resource type="SphereShape3D" id="SphereShape3D_q270a"]
radius = 0.696919

[sub_resource type="AnimationNodeAnimation" id="AnimationNodeAnimation_m2324"]
animation = &"Shield"

[sub_resource type="AnimationNodeAnimation" id="AnimationNodeAnimation_f0a55"]
animation = &"Walking"

[sub_resource type="AnimationNodeAnimation" id="AnimationNodeAnimation_53s1i"]
animation = &"Sit"

[sub_resource type="AnimationNodeBlendSpace1D" id="AnimationNodeBlendSpace1D_e0r1l"]
blend_point_0/node = SubResource("AnimationNodeAnimation_f0a55")
blend_point_0/pos = -1.0
blend_point_1/node = SubResource("AnimationNodeAnimation_53s1i")
blend_point_1/pos = 1.0

[sub_resource type="AnimationNodeStateMachineTransition" id="AnimationNodeStateMachineTransition_16qul"]
advance_mode = 2

[sub_resource type="AnimationNodeStateMachineTransition" id="AnimationNodeStateMachineTransition_8nuwn"]
xfade_time = 1.0

[sub_resource type="AnimationNodeStateMachineTransition" id="AnimationNodeStateMachineTransition_gyd14"]
xfade_time = 1.0
switch_mode = 2
advance_mode = 2

[sub_resource type="AnimationNodeStateMachine" id="AnimationNodeStateMachine_ff8xn"]
states/End/position = Vector2(843, 218)
states/Start/position = Vector2(323, 218)
states/shield_bash/node = SubResource("AnimationNodeAnimation_m2324")
states/shield_bash/position = Vector2(696, 218)
states/walk_to_sit/node = SubResource("AnimationNodeBlendSpace1D_e0r1l")
states/walk_to_sit/position = Vector2(494, 218)
transitions = ["Start", "walk_to_sit", SubResource("AnimationNodeStateMachineTransition_16qul"), "walk_to_sit", "shield_bash", SubResource("AnimationNodeStateMachineTransition_8nuwn"), "shield_bash", "walk_to_sit", SubResource("AnimationNodeStateMachineTransition_gyd14")]
graph_offset = Vector2(-146, 50)

[sub_resource type="AnimationNodeBlendTree" id="AnimationNodeBlendTree_m2324"]
nodes/StateMachine/node = SubResource("AnimationNodeStateMachine_ff8xn")
nodes/StateMachine/position = Vector2(-80, 20)
nodes/output/position = Vector2(160, 20)
node_connections = [&"output", 0, &"StateMachine"]

[node name="Bobo" node_paths=PackedStringArray("head", "animation_tree", "nose_bone", "heart") instance=ExtResource("1_q270a")]
transform = Transform3D(0.999999, 0.00147564, -0.000608615, -0.00147633, 0.999998, -0.00112791, 0.000606952, 0.0011288, 0.999999, 0, 0, 0)
script = ExtResource("2_l7kfl")
head = NodePath("Armature/Skeleton3D/Head")
animation_tree = NodePath("AnimationTree")
nose_bone = NodePath("Armature/Skeleton3D/NoseAttachement")
heart = NodePath("Armature/Skeleton3D/HeartAttachement/Heart")
head_turn_speed = 5.0

[node name="Skeleton3D" parent="Armature" index="0"]
bones/0/position = Vector3(0.374864, 0.0616672, 0.602508)
bones/0/rotation = Quaternion(0.73248, 0.0251986, -1.60558e-06, 0.680322)
bones/1/position = Vector3(-0.374864, 0.0616672, 0.602508)
bones/1/rotation = Quaternion(0.73248, -0.0251986, 1.60558e-06, 0.680322)
bones/2/position = Vector3(0.607595, 0.0649739, -0.0379828)
bones/2/rotation = Quaternion(0.73248, 0.0251985, -1.60726e-06, 0.680322)
bones/3/position = Vector3(-0.607595, 0.0649739, -0.0379828)
bones/3/rotation = Quaternion(0.73248, -0.0251985, 1.60726e-06, 0.680322)
bones/4/position = Vector3(-0.00103733, 0.574349, -2.56983)
bones/5/position = Vector3(-1.33242e-16, 2.46829, -1.64327)
bones/6/position = Vector3(-2.52901e-11, 1.55295, 0.129288)
bones/6/rotation = Quaternion(-0.857726, -6.32643e-05, 5.51505e-05, 0.514107)
bones/7/rotation = Quaternion(0.026678, 0.516552, 0.855741, -0.0130713)
bones/12/rotation = Quaternion(-0.745109, 0.036943, 0.0149779, 0.665751)
bones/13/rotation = Quaternion(0.349569, 0.00113554, 0.041479, 0.935991)
bones/14/rotation = Quaternion(-0.717478, 0.00536864, -0.101356, 0.689147)
bones/15/rotation = Quaternion(-0.745262, -0.036573, -0.0148689, 0.665602)
bones/16/rotation = Quaternion(0.349851, -0.00113541, -0.0415125, 0.935884)
bones/17/rotation = Quaternion(-0.71766, -0.00557576, 0.101253, 0.688971)
bones/18/rotation = Quaternion(-0.335182, 6.71152e-12, 8.00046e-08, 0.942154)
bones/23/rotation = Quaternion(-0.908298, -0.0638986, -0.142148, 0.388208)
bones/24/rotation = Quaternion(0.883317, -0.000663877, 0.079933, 0.46191)
bones/25/rotation = Quaternion(-0.759748, 0.0635478, 0.0291373, 0.646448)
bones/26/rotation = Quaternion(0.466429, -4.36313e-05, 0.00033355, 0.884559)
bones/27/rotation = Quaternion(0.029305, 4.34541e-12, -6.98445e-09, 0.999571)
bones/28/rotation = Quaternion(0.186122, 1.59811e-12, -4.42947e-08, 0.982527)
bones/29/rotation = Quaternion(0.118759, -4.53929e-12, -2.83209e-08, 0.992923)
bones/30/rotation = Quaternion(-0.908287, 0.0639428, 0.142561, 0.388076)
bones/31/rotation = Quaternion(0.883366, 0.00066371, -0.0799374, 0.461816)
bones/32/rotation = Quaternion(-0.759717, -0.0637593, -0.0294058, 0.646452)

[node name="Head" parent="Armature/Skeleton3D" index="1"]
blend_shapes/Sad = 0.4

[node name="MouthAttachement" type="BoneAttachment3D" parent="Armature/Skeleton3D" index="2"]
transform = Transform3D(0.999385, -0.0295682, 0.0188817, 0.0102005, -0.270054, -0.962792, 0.0335671, 0.962391, -0.269586, -2.28351e-05, 1.66829, 0.560448)
bone_name = "Mouth"
bone_idx = 10

[node name="FedIncorrect" type="GPUParticles3D" parent="Armature/Skeleton3D/MouthAttachement" index="0"]
transform = Transform3D(0.994491, -0.0411629, 0.0964006, -0.011744, 0.870123, 0.492696, -0.104161, -0.491114, 0.864846, -0.0550649, 0.944807, -0.566058)
emitting = false
amount = 10
one_shot = true
explosiveness = 1.0
process_material = SubResource("ParticleProcessMaterial_e0r1l")
draw_pass_1 = SubResource("QuadMesh_8nuwn")

[node name="FedCorrect" type="GPUParticles3D" parent="Armature/Skeleton3D/MouthAttachement" index="1"]
transform = Transform3D(0.998599, -0.014346, 0.0509402, 0.000887662, 0.966962, 0.254918, -0.0529142, -0.254516, 0.96562, -0.0182248, 0.509187, -0.222539)
emitting = false
amount = 30
one_shot = true
explosiveness = 1.0
process_material = SubResource("ParticleProcessMaterial_e0r1l")
draw_pass_1 = SubResource("QuadMesh_gyd14")

[node name="Ingredient Trigger" type="Area3D" parent="Armature/Skeleton3D/MouthAttachement" index="2"]
collision_layer = 0
collision_mask = 65540

[node name="CollisionShape3D" type="CollisionShape3D" parent="Armature/Skeleton3D/MouthAttachement/Ingredient Trigger" index="0"]
transform = Transform3D(1.00004, -1.21367e-07, 2.56183e-08, 4.84288e-08, 0.990636, -0.136795, 1.35042e-07, 0.136794, 0.990636, 0.00297676, 0.348138, 0.170545)
shape = SubResource("BoxShape3D_q270a")

[node name="CollisionShape3D2" type="CollisionShape3D" parent="Armature/Skeleton3D/MouthAttachement/Ingredient Trigger" index="1"]
transform = Transform3D(1.00005, 5.21541e-08, 2.42144e-08, -3.35276e-08, 0.661944, 0.749612, 1.59256e-07, -0.749612, 0.661945, 0.00980303, 0.140122, -0.230797)
shape = SubResource("BoxShape3D_l7kfl")

[node name="Open Mouth Trigger" type="Area3D" parent="Armature/Skeleton3D/MouthAttachement" index="3"]
collision_layer = 0
collision_mask = 65540

[node name="CollisionShape3D" type="CollisionShape3D" parent="Armature/Skeleton3D/MouthAttachement/Open Mouth Trigger" index="0"]
transform = Transform3D(1.00004, -1.86265e-07, 1.52737e-07, 5.21541e-08, 1.00004, -2.95043e-06, 1.08033e-07, 2.98023e-07, 1.00004, 0.0235786, 0.615971, -0.218544)
shape = SubResource("SphereShape3D_q270a")

[node name="NoseAttachement" type="BoneAttachment3D" parent="Armature/Skeleton3D" index="3"]
transform = Transform3D(0.999385, -0.0108078, -0.0333772, 0.0102016, 0.999781, -0.0182796, 0.0335674, 0.0179279, 0.999276, -0.0323913, 1.8667, 1.46384)
bone_name = "Nose"
bone_idx = 11

[node name="HeartAttachement" type="BoneAttachment3D" parent="Armature/Skeleton3D" index="4"]
transform = Transform3D(-0.998244, 0.0497673, 0.0321265, 0.049566, 0.998747, -0.00703245, -0.0324362, -0.00542757, -0.999459, 0.00489801, 1.66693, 0.560453)
bone_name = "Head_2"
bone_idx = 7

[node name="Heart" parent="Armature/Skeleton3D/HeartAttachement" index="0" instance=ExtResource("3_l7kfl")]
transform = Transform3D(-0.999124, 0.000389773, -0.0418391, 0.0290282, 0.726617, -0.686429, 0.0301335, -0.687042, -0.725992, -0.0314074, -0.860434, -0.600668)

[node name="Heart" parent="Armature/Skeleton3D/HeartAttachement/Heart" index="0"]
transform = Transform3D(-0.999978, 0.00104213, 0.00647812, 0.00562612, 0.644211, 0.764828, -0.00337622, 0.764848, -0.644203, 0.00301664, 0.129344, -0.326848)

[node name="AnimationPlayer" parent="." index="1"]
speed_scale = 1.533

[node name="AnimationTree" type="AnimationTree" parent="." index="2"]
tree_root = SubResource("AnimationNodeBlendTree_m2324")
anim_player = NodePath("../AnimationPlayer")
parameters/StateMachine/walk_to_sit/blend_position = 1.0

[node name="ShieldHitTimer" type="Timer" parent="." index="3"]
wait_time = 3.0
one_shot = true

[node name="ShieldHitApexTimer" type="Timer" parent="." index="4"]
one_shot = true

[node name="BoboMhhLong" type="AudioStreamPlayer3D" parent="." index="5"]
transform = Transform3D(0.999995, -0.00295334, 0.00121223, 0.0029506, 0.999993, 0.0022585, -0.0012189, -0.00225491, 0.999997, -0.00169455, 1.59439, 1.03988)
stream = ExtResource("4_m2324")
volume_db = -20.0
pitch_scale = 0.8

[node name="BoboMhh" type="AudioStreamPlayer3D" parent="." index="6"]
transform = Transform3D(0.999998, -0.00147633, 0.000606949, 0.00147564, 0.999999, 0.00112881, -0.000608617, -0.0011279, 0.999999, -0.00174614, 1.76326, 1.40614)
stream = ExtResource("4_j1col")
pitch_scale = 0.8

[node name="BoboNom" type="AudioStreamPlayer3D" parent="." index="7"]
transform = Transform3D(0.999998, -0.00147633, 0.000606949, 0.00147564, 0.999999, 0.00112881, -0.000608617, -0.0011279, 0.999999, -0.00174614, 1.76326, 1.40614)
stream = ExtResource("6_f0a55")

[connection signal="bobo_sat_down" from="." to="." method="_on_bobo_sat_down"]
[connection signal="body_entered" from="Armature/Skeleton3D/MouthAttachement/Ingredient Trigger" to="." method="_on_ingredient_trigger_body_entered"]
[connection signal="body_entered" from="Armature/Skeleton3D/MouthAttachement/Open Mouth Trigger" to="." method="_on_ingredient_open_mouth_entered"]
[connection signal="body_exited" from="Armature/Skeleton3D/MouthAttachement/Open Mouth Trigger" to="." method="_on_open_mouth_trigger_body_exited"]
[connection signal="hunger_zero" from="Armature/Skeleton3D/HeartAttachement/Heart" to="." method="_on_heart_hunger_zero"]
[connection signal="animation_finished" from="AnimationTree" to="." method="_on_animation_tree_animation_finished"]
[connection signal="animation_started" from="AnimationTree" to="." method="_on_animation_tree_animation_started"]
[connection signal="timeout" from="ShieldHitTimer" to="." method="_on_shield_hit_timer_timeout"]
[connection signal="timeout" from="ShieldHitApexTimer" to="." method="_on_shield_hit_apex_timer_timeout"]

[editable path="Armature/Skeleton3D/HeartAttachement/Heart"]
