[gd_scene load_steps=4 format=3 uid="uid://bxokdwcvqi6f2"]

[ext_resource type="PackedScene" uid="uid://ducw4rcae7wjl" path="res://Models/Mobs/Bobo.blend" id="1_q270a"]
[ext_resource type="Script" uid="uid://65ren1aynfk5" path="res://Scripts/Bobo/Blending.gd" id="2_l7kfl"]

[sub_resource type="BoxShape3D" id="BoxShape3D_q270a"]
size = Vector3(0.626526, 1.08039, 0.469718)

[node name="Bobo" instance=ExtResource("1_q270a")]
transform = Transform3D(0.999999, 0.00147564, -0.000608615, -0.00147633, 0.999998, -0.00112791, 0.000606952, 0.0011288, 0.999999, 0, 0, 0)
script = ExtResource("2_l7kfl")

[node name="Armature" parent="." index="0"]
transform = Transform3D(1, 0, 0, 0, 1, 0, 0, 0, 1, 0, 0, -0.154469)

[node name="Skeleton3D" parent="Armature" index="0"]
bones/0/position = Vector3(0.374864, 0.0616672, 0.602508)
bones/0/rotation = Quaternion(0.73248, 0.0251986, -1.60558e-06, 0.680322)
bones/1/position = Vector3(-0.374864, 0.0616672, 0.602508)
bones/1/rotation = Quaternion(0.73248, -0.0251986, 1.60558e-06, 0.680322)
bones/2/position = Vector3(0.607595, 0.0649739, 0.141234)
bones/2/rotation = Quaternion(0.73248, 0.0251985, -1.60965e-06, 0.680322)
bones/3/position = Vector3(-0.607595, 0.0649739, 0.141234)
bones/3/rotation = Quaternion(0.73248, -0.0251985, 1.60965e-06, 0.680322)
bones/4/position = Vector3(-2.10228e-19, 0.226149, -2.24954)
bones/5/position = Vector3(-1.33242e-16, 2.04415, -1.64327)
bones/6/position = Vector3(0, 1.1287, 0.129288)
bones/6/rotation = Quaternion(-0.857735, -6.12846e-08, 1.0225e-07, 0.514093)
bones/7/rotation = Quaternion(0.997928, 0.000154069, -0.000344055, -0.0643428)
bones/11/rotation = Quaternion(-0.801094, 0.0543835, 0.0260436, 0.595494)
bones/12/rotation = Quaternion(0.376534, 0.000543845, 0.0426913, 0.925419)
bones/13/rotation = Quaternion(-0.672534, 0.00120149, -0.123924, 0.729616)
bones/14/rotation = Quaternion(-0.801094, -0.0543835, -0.0260433, 0.595494)
bones/15/rotation = Quaternion(0.376534, -0.00054386, -0.0426914, 0.925419)
bones/16/rotation = Quaternion(-0.672534, -0.00120137, 0.123924, 0.729616)
bones/17/rotation = Quaternion(-0.344168, -3.64153e-14, 8.20561e-08, 0.938908)
bones/22/rotation = Quaternion(-0.814149, -0.114395, -0.189161, 0.53693)
bones/23/rotation = Quaternion(0.762015, 9.47155e-05, 0.200944, 0.615592)
bones/24/rotation = Quaternion(-0.730234, 0.0915856, -0.0304967, 0.676344)
bones/25/rotation = Quaternion(0.527129, 1.16825e-07, -4.63124e-08, 0.849785)
bones/26/rotation = Quaternion(0.0298932, 4.70804e-15, -7.12711e-09, 0.999553)
bones/27/rotation = Quaternion(-0.0049799, 1.03764e-14, 1.1873e-09, 0.999988)
bones/28/rotation = Quaternion(0.000350354, -7.36688e-16, -8.3533e-11, 1)
bones/29/rotation = Quaternion(-0.814149, 0.114395, 0.189161, 0.53693)
bones/30/rotation = Quaternion(0.762015, -9.48068e-05, -0.200944, 0.615592)
bones/31/rotation = Quaternion(-0.730234, -0.0915856, 0.0304968, 0.676344)

[node name="Head" parent="Armature/Skeleton3D" index="1"]
blend_shapes/HeadVertical = 0.55789
blend_shapes/HeadHorizontal = -1.0

[node name="BoneAttachment3D" type="BoneAttachment3D" parent="Armature/Skeleton3D" index="2"]
transform = Transform3D(1, 0.000263256, -0.000706275, -0.000753732, 0.35426, -0.935146, 4.02256e-06, 0.935147, 0.35426, 0, 1.24395, 0.559801)
bone_name = "Head_2"
bone_idx = 7

[node name="Ingredient Trigger" type="Area3D" parent="Armature/Skeleton3D/BoneAttachment3D" index="0"]
transform = Transform3D(1, 0, 0, 0, 0.917192, -0.398445, 0, 0.398445, 0.917192, 0, 0, 0)
collision_layer = 0
collision_mask = 4

[node name="CollisionShape3D" type="CollisionShape3D" parent="Armature/Skeleton3D/BoneAttachment3D/Ingredient Trigger" index="0"]
transform = Transform3D(1, -7.93906e-09, -7.53222e-08, -2.43909e-08, 0.907756, -0.419499, 7.17046e-08, 0.419499, 0.907756, -0.00552392, 0.339951, 0.193022)
shape = SubResource("BoxShape3D_q270a")
