[gd_scene load_steps=16 format=3 uid="uid://bxokdwcvqi6f2"]

[ext_resource type="PackedScene" uid="uid://ducw4rcae7wjl" path="res://Models/Mobs/Bobo.blend" id="1_q270a"]
[ext_resource type="Script" uid="uid://65ren1aynfk5" path="res://Scripts/Bobo/Bobo.gd" id="2_l7kfl"]
[ext_resource type="PackedScene" uid="uid://830vxop4jk4s" path="res://Prefabs/Mobs/heart.tscn" id="3_l7kfl"]

[sub_resource type="BoxShape3D" id="BoxShape3D_q270a"]
size = Vector3(1.31226, 1.75987, 0.754513)

[sub_resource type="BoxShape3D" id="BoxShape3D_l7kfl"]
size = Vector3(1.36426, 1.05914, 1.44464)

[sub_resource type="SphereShape3D" id="SphereShape3D_q270a"]
radius = 0.696919

[sub_resource type="AnimationNodeAnimation" id="AnimationNodeAnimation_m2324"]
animation = &"Shield"

[sub_resource type="AnimationNodeAnimation" id="AnimationNodeAnimation_f0a55"]
animation = &"Walking"

[sub_resource type="AnimationNodeAnimation" id="AnimationNodeAnimation_53s1i"]
animation = &"Sit"

[sub_resource type="AnimationNodeBlendSpace1D" id="AnimationNodeBlendSpace1D_e0r1l"]
blend_point_0/node = SubResource("AnimationNodeAnimation_f0a55")
blend_point_0/pos = -1.0
blend_point_1/node = SubResource("AnimationNodeAnimation_53s1i")
blend_point_1/pos = 1.0

[sub_resource type="AnimationNodeStateMachineTransition" id="AnimationNodeStateMachineTransition_16qul"]
advance_mode = 2

[sub_resource type="AnimationNodeStateMachineTransition" id="AnimationNodeStateMachineTransition_8nuwn"]
xfade_time = 1.0

[sub_resource type="AnimationNodeStateMachineTransition" id="AnimationNodeStateMachineTransition_gyd14"]
xfade_time = 1.0
switch_mode = 2
advance_mode = 2

[sub_resource type="AnimationNodeStateMachine" id="AnimationNodeStateMachine_ff8xn"]
states/End/position = Vector2(843, 218)
states/Start/position = Vector2(323, 218)
states/shield_bash/node = SubResource("AnimationNodeAnimation_m2324")
states/shield_bash/position = Vector2(696, 218)
states/walk_to_sit/node = SubResource("AnimationNodeBlendSpace1D_e0r1l")
states/walk_to_sit/position = Vector2(494, 218)
transitions = ["Start", "walk_to_sit", SubResource("AnimationNodeStateMachineTransition_16qul"), "walk_to_sit", "shield_bash", SubResource("AnimationNodeStateMachineTransition_8nuwn"), "shield_bash", "walk_to_sit", SubResource("AnimationNodeStateMachineTransition_gyd14")]
graph_offset = Vector2(-146, 50)

[sub_resource type="AnimationNodeBlendTree" id="AnimationNodeBlendTree_m2324"]
graph_offset = Vector2(-533.15, -2.03)
nodes/StateMachine/node = SubResource("AnimationNodeStateMachine_ff8xn")
nodes/StateMachine/position = Vector2(-80, 20)
nodes/output/position = Vector2(160, 20)
node_connections = [&"output", 0, &"StateMachine"]

[node name="Bobo" node_paths=PackedStringArray("nose_bone", "heart") instance=ExtResource("1_q270a")]
transform = Transform3D(0.999999, 0.00147564, -0.000608615, -0.00147633, 0.999998, -0.00112791, 0.000606952, 0.0011288, 0.999999, 0, 0, 0)
script = ExtResource("2_l7kfl")
nose_bone = NodePath("Armature/Skeleton3D/NoseAttachement")
heart = NodePath("Armature/Skeleton3D/HeartAttachement/Heart")
head_turn_speed = 5.0

[node name="Skeleton3D" parent="Armature" index="0"]
bones/0/position = Vector3(0.374864, 0.0616672, 0.602508)
bones/0/rotation = Quaternion(0.73248, 0.0251986, -1.60558e-06, 0.680322)
bones/1/position = Vector3(-0.374864, 0.0616672, 0.602508)
bones/1/rotation = Quaternion(0.73248, -0.0251986, 1.60558e-06, 0.680322)
bones/2/position = Vector3(0.607595, 0.0649739, -0.0379828)
bones/2/rotation = Quaternion(0.73248, 0.0251985, -1.60726e-06, 0.680322)
bones/3/position = Vector3(-0.607595, 0.0649739, -0.0379828)
bones/3/rotation = Quaternion(0.73248, -0.0251985, 1.60726e-06, 0.680322)
bones/4/position = Vector3(0.0291527, 0.609873, -2.59536)
bones/5/position = Vector3(-1.33242e-16, 2.46829, -1.64327)
bones/6/position = Vector3(7.19488e-10, 1.54981, 0.129288)
bones/6/rotation = Quaternion(-0.851732, 0.00221344, -0.00141363, 0.523971)
bones/7/rotation = Quaternion(0.0228152, 0.503174, 0.86368, -0.0187818)
bones/12/rotation = Quaternion(-0.758519, 0.0263757, 0.0167188, 0.650903)
bones/13/rotation = Quaternion(0.362832, 0.00112931, 0.0430527, 0.930859)
bones/14/rotation = Quaternion(-0.721487, 0.0148997, -0.097552, 0.68536)
bones/15/rotation = Quaternion(-0.755196, -0.0343436, -0.0192375, 0.654316)
bones/16/rotation = Quaternion(0.353081, -0.00113393, -0.0418956, 0.934654)
bones/17/rotation = Quaternion(-0.717614, -0.00910729, 0.100342, 0.689114)
bones/18/rotation = Quaternion(-0.315932, 7.04886e-10, 8.00873e-08, 0.948782)
bones/23/rotation = Quaternion(-0.923244, -0.0628532, -0.137056, 0.353392)
bones/24/rotation = Quaternion(0.872937, -0.000691854, 0.0789937, 0.481394)
bones/25/rotation = Quaternion(-0.741962, 0.056924, 0.0272098, 0.667467)
bones/26/rotation = Quaternion(0.415033, 0.00171979, -0.0107929, 0.909741)
bones/27/rotation = Quaternion(0.038486, -3.77981e-11, -8.80887e-09, 0.999259)
bones/28/rotation = Quaternion(0.222769, 8.88957e-13, -5.38558e-08, 0.974871)
bones/29/rotation = Quaternion(0.143049, 3.0328e-11, -3.29802e-08, 0.989716)
bones/30/rotation = Quaternion(-0.922582, 0.0619997, 0.12551, 0.359508)
bones/31/rotation = Quaternion(0.871434, 0.000695748, -0.0788576, 0.484133)
bones/32/rotation = Quaternion(-0.743839, -0.0519179, -0.0200201, 0.666038)

[node name="Head" parent="Armature/Skeleton3D" index="1"]
blend_shapes/Nose = -0.0690975
blend_shapes/Squish = -0.00987108
blend_shapes/Stretch = -0.00987108

[node name="MouthAttachement" type="BoneAttachment3D" parent="Armature/Skeleton3D" index="2"]
transform = Transform3D(0.99975, -0.0217371, 0.00531703, -0.00196421, -0.321926, -0.946763, 0.0222916, 0.946515, -0.321888, 0.000506408, 1.65519, 0.563097)
bone_name = "Mouth"
bone_idx = 10

[node name="Ingredient Trigger" type="Area3D" parent="Armature/Skeleton3D/MouthAttachement" index="0"]
collision_layer = 0
collision_mask = 65540

[node name="CollisionShape3D" type="CollisionShape3D" parent="Armature/Skeleton3D/MouthAttachement/Ingredient Trigger" index="0"]
transform = Transform3D(1.00003, -1.00583e-07, 3.72529e-09, 4.09782e-08, 0.931136, -0.36476, 1.10827e-07, 0.364759, 0.931136, 0.0021261, 0.211683, 0.0907015)
shape = SubResource("BoxShape3D_q270a")

[node name="CollisionShape3D2" type="CollisionShape3D" parent="Armature/Skeleton3D/MouthAttachement/Ingredient Trigger" index="1"]
transform = Transform3D(1.00005, -2.6077e-08, -3.86499e-08, 2.04891e-08, 0.991823, 0.127951, 1.34576e-07, -0.127952, 0.991823, 0.0095447, 0.326333, -0.35825)
shape = SubResource("BoxShape3D_l7kfl")

[node name="Open Mouth Trigger" type="Area3D" parent="Armature/Skeleton3D/MouthAttachement" index="1"]
collision_layer = 0
collision_mask = 65540

[node name="CollisionShape3D" type="CollisionShape3D" parent="Armature/Skeleton3D/MouthAttachement/Open Mouth Trigger" index="0"]
transform = Transform3D(1.00004, -1.86265e-07, 1.52737e-07, 5.21541e-08, 1.00004, -2.95043e-06, 1.08033e-07, 2.98023e-07, 1.00004, 0.0235786, 0.615971, -0.218544)
shape = SubResource("SphereShape3D_q270a")

[node name="NoseAttachement" type="BoneAttachment3D" parent="Armature/Skeleton3D" index="3"]
transform = Transform3D(0.99975, 0.000340923, -0.0223756, -0.00196309, 0.997366, -0.0725171, 0.022292, 0.0725428, 0.997116, -0.0195626, 1.80426, 1.47628)
bone_name = "Nose"
bone_idx = 11

[node name="HeartAttachement" type="BoneAttachment3D" parent="Armature/Skeleton3D" index="4"]
transform = Transform3D(-0.997942, 0.0606356, 0.0208459, 0.0615646, 0.996984, 0.0472672, -0.017917, 0.0484532, -0.998665, 0.00541185, 1.65379, 0.56297)
bone_name = "Head_2"
bone_idx = 7

[node name="Heart" parent="Armature/Skeleton3D/HeartAttachement" index="0" instance=ExtResource("3_l7kfl")]
transform = Transform3D(-0.999124, 0.000389773, -0.0418391, 0.0290282, 0.726617, -0.686429, 0.0301335, -0.687042, -0.725992, -0.0314074, -0.860434, -0.600668)

[node name="Heart" parent="Armature/Skeleton3D/HeartAttachement/Heart" index="0"]
transform = Transform3D(-0.999976, 0.00144427, 0.00692746, 0.00601638, 0.688894, 0.724838, -0.00372542, 0.72486, -0.688886, 0.00301664, 0.129344, -0.326848)

[node name="AnimationPlayer" parent="." index="1"]
speed_scale = 1.533

[node name="AnimationTree" type="AnimationTree" parent="." index="2"]
tree_root = SubResource("AnimationNodeBlendTree_m2324")
anim_player = NodePath("../AnimationPlayer")
parameters/StateMachine/walk_to_sit/blend_position = 1.0

[node name="ShieldHitTimer" type="Timer" parent="." index="3"]
wait_time = 3.0
one_shot = true

[node name="ShieldHitApexTimer" type="Timer" parent="." index="4"]
one_shot = true

[connection signal="bobo_sat_down" from="." to="." method="_on_bobo_sat_down"]
[connection signal="body_entered" from="Armature/Skeleton3D/MouthAttachement/Ingredient Trigger" to="." method="_on_ingredient_trigger_body_entered"]
[connection signal="body_entered" from="Armature/Skeleton3D/MouthAttachement/Open Mouth Trigger" to="." method="_on_ingredient_open_mouth_entered"]
[connection signal="body_exited" from="Armature/Skeleton3D/MouthAttachement/Open Mouth Trigger" to="." method="_on_open_mouth_trigger_body_exited"]
[connection signal="hunger_zero" from="Armature/Skeleton3D/HeartAttachement/Heart" to="." method="_on_heart_hunger_zero"]
[connection signal="animation_finished" from="AnimationTree" to="." method="_on_animation_tree_animation_finished"]
[connection signal="animation_started" from="AnimationTree" to="." method="_on_animation_tree_animation_started"]
[connection signal="timeout" from="ShieldHitTimer" to="." method="_on_shield_hit_timer_timeout"]
[connection signal="timeout" from="ShieldHitApexTimer" to="." method="_on_shield_hit_apex_timer_timeout"]

[editable path="Armature/Skeleton3D/HeartAttachement/Heart"]
