[gd_scene load_steps=4 format=3 uid="uid://bxokdwcvqi6f2"]

[ext_resource type="PackedScene" uid="uid://ducw4rcae7wjl" path="res://Models/Mobs/Bobo.blend" id="1_q270a"]
[ext_resource type="Script" uid="uid://65ren1aynfk5" path="res://Scripts/Bobo/Blending.gd" id="2_l7kfl"]

[sub_resource type="BoxShape3D" id="BoxShape3D_q270a"]
size = Vector3(0.626526, 1.08039, 0.469718)

[node name="Bobo" instance=ExtResource("1_q270a")]
transform = Transform3D(0.999999, 0.00147564, -0.000608615, -0.00147633, 0.999998, -0.00112791, 0.000606952, 0.0011288, 0.999999, 0, 0, 0)
script = ExtResource("2_l7kfl")

[node name="Skeleton3D" parent="Armature" index="0"]
bones/0/position = Vector3(0.374864, 0.0616672, 0.602508)
bones/0/rotation = Quaternion(0.73248, 0.0251986, -1.60558e-06, 0.680322)
bones/1/position = Vector3(-0.374864, 0.0616672, 0.602508)
bones/1/rotation = Quaternion(0.73248, -0.0251986, 1.60558e-06, 0.680322)
bones/2/position = Vector3(0.607595, 0.0649739, -0.0379828)
bones/2/rotation = Quaternion(0.73248, 0.0251985, -1.60726e-06, 0.680322)
bones/3/position = Vector3(-0.607595, 0.0649739, -0.0379828)
bones/3/rotation = Quaternion(0.73248, -0.0251985, 1.60726e-06, 0.680322)
bones/4/position = Vector3(-1.70981e-17, 0.574239, -2.56973)
bones/5/position = Vector3(-1.33242e-16, 2.46829, -1.64327)
bones/6/position = Vector3(0, 1.55284, 0.129288)
bones/6/rotation = Quaternion(-0.857735, -6.12846e-08, 1.0225e-07, 0.514093)
bones/7/rotation = Quaternion(0.997928, 0.000154069, -0.000344055, -0.0643428)
bones/11/rotation = Quaternion(-0.74523, 0.036849, 0.014856, 0.665623)
bones/12/rotation = Quaternion(0.349855, 0.00113541, 0.0415129, 0.935883)
bones/13/rotation = Quaternion(-0.717617, 0.00537942, -0.101354, 0.689002)
bones/14/rotation = Quaternion(-0.74523, -0.0368489, -0.0148559, 0.665623)
bones/15/rotation = Quaternion(0.349855, -0.00113542, -0.0415129, 0.935883)
bones/16/rotation = Quaternion(-0.717617, -0.0053794, 0.101354, 0.689002)
bones/17/rotation = Quaternion(-0.335558, -4.79616e-14, 8.00032e-08, 0.94202)
bones/22/rotation = Quaternion(-0.908121, -0.0639423, -0.142481, 0.388494)
bones/23/rotation = Quaternion(0.88342, -0.000663567, 0.0799423, 0.461712)
bones/24/rotation = Quaternion(-0.759913, 0.0637784, 0.0293461, 0.646222)
bones/25/rotation = Quaternion(0.467027, 1.05116e-07, -1.72467e-08, 0.884243)
bones/26/rotation = Quaternion(0.029174, 2.71103e-14, -6.95562e-09, 0.999574)
bones/27/rotation = Quaternion(0.185588, -7.16094e-15, -4.42475e-08, 0.982628)
bones/28/rotation = Quaternion(0.118411, 8.6875e-15, -2.82315e-08, 0.992965)
bones/29/rotation = Quaternion(-0.908121, 0.0639425, 0.142481, 0.388494)
bones/30/rotation = Quaternion(0.88342, 0.000663576, -0.0799423, 0.461713)
bones/31/rotation = Quaternion(-0.759913, -0.0637785, -0.0293462, 0.646222)

[node name="BoneAttachment3D" type="BoneAttachment3D" parent="Armature/Skeleton3D" index="2"]
transform = Transform3D(1, 0.000263256, -0.000706275, -0.000753732, 0.35426, -0.935146, 4.02256e-06, 0.935147, 0.35426, 0, 1.6681, 0.559801)
bone_name = "Head_2"
bone_idx = 7

[node name="Ingredient Trigger" type="Area3D" parent="Armature/Skeleton3D/BoneAttachment3D" index="0"]
transform = Transform3D(1, 0, 0, 0, 0.917192, -0.398445, 0, 0.398445, 0.917192, 0, 0, 0)
collision_layer = 0
collision_mask = 4

[node name="CollisionShape3D" type="CollisionShape3D" parent="Armature/Skeleton3D/BoneAttachment3D/Ingredient Trigger" index="0"]
transform = Transform3D(1, -7.93906e-09, -7.53222e-08, -2.43909e-08, 0.907756, -0.419499, 7.17046e-08, 0.419499, 0.907756, -0.00552392, 0.339951, 0.193022)
shape = SubResource("BoxShape3D_q270a")
