[gd_scene load_steps=19 format=3 uid="uid://bxokdwcvqi6f2"]

[ext_resource type="PackedScene" uid="uid://ducw4rcae7wjl" path="res://Models/Mobs/Bobo.blend" id="1_q270a"]
[ext_resource type="Script" uid="uid://65ren1aynfk5" path="res://Scripts/Bobo/Bobo.gd" id="2_l7kfl"]
[ext_resource type="PackedScene" uid="uid://830vxop4jk4s" path="res://Prefabs/Mobs/heart.tscn" id="3_l7kfl"]
[ext_resource type="AudioStream" uid="uid://ce533qig3fma3" path="res://Audio/BoboMhh.mp3" id="4_j1col"]
[ext_resource type="AudioStream" uid="uid://n28yql0lg203" path="res://Audio/BoboHmmLong.mp3" id="4_m2324"]
[ext_resource type="AudioStream" uid="uid://l8gnniynhm4k" path="res://Audio/Nom3.mp3" id="6_f0a55"]

[sub_resource type="BoxShape3D" id="BoxShape3D_q270a"]
size = Vector3(1.31226, 1.75987, 0.754513)

[sub_resource type="BoxShape3D" id="BoxShape3D_l7kfl"]
size = Vector3(1.36426, 1.05914, 1.44464)

[sub_resource type="SphereShape3D" id="SphereShape3D_q270a"]
radius = 0.696919

[sub_resource type="AnimationNodeAnimation" id="AnimationNodeAnimation_m2324"]
animation = &"Shield"

[sub_resource type="AnimationNodeAnimation" id="AnimationNodeAnimation_f0a55"]
animation = &"Walking"

[sub_resource type="AnimationNodeAnimation" id="AnimationNodeAnimation_53s1i"]
animation = &"Sit"

[sub_resource type="AnimationNodeBlendSpace1D" id="AnimationNodeBlendSpace1D_e0r1l"]
blend_point_0/node = SubResource("AnimationNodeAnimation_f0a55")
blend_point_0/pos = -1.0
blend_point_1/node = SubResource("AnimationNodeAnimation_53s1i")
blend_point_1/pos = 1.0

[sub_resource type="AnimationNodeStateMachineTransition" id="AnimationNodeStateMachineTransition_16qul"]
advance_mode = 2

[sub_resource type="AnimationNodeStateMachineTransition" id="AnimationNodeStateMachineTransition_8nuwn"]
xfade_time = 1.0

[sub_resource type="AnimationNodeStateMachineTransition" id="AnimationNodeStateMachineTransition_gyd14"]
xfade_time = 1.0
switch_mode = 2
advance_mode = 2

[sub_resource type="AnimationNodeStateMachine" id="AnimationNodeStateMachine_ff8xn"]
states/End/position = Vector2(843, 218)
states/Start/position = Vector2(323, 218)
states/shield_bash/node = SubResource("AnimationNodeAnimation_m2324")
states/shield_bash/position = Vector2(696, 218)
states/walk_to_sit/node = SubResource("AnimationNodeBlendSpace1D_e0r1l")
states/walk_to_sit/position = Vector2(494, 218)
transitions = ["Start", "walk_to_sit", SubResource("AnimationNodeStateMachineTransition_16qul"), "walk_to_sit", "shield_bash", SubResource("AnimationNodeStateMachineTransition_8nuwn"), "shield_bash", "walk_to_sit", SubResource("AnimationNodeStateMachineTransition_gyd14")]
graph_offset = Vector2(-146, 50)

[sub_resource type="AnimationNodeBlendTree" id="AnimationNodeBlendTree_m2324"]
graph_offset = Vector2(-533.15, -2.03)
nodes/StateMachine/node = SubResource("AnimationNodeStateMachine_ff8xn")
nodes/StateMachine/position = Vector2(-80, 20)
nodes/output/position = Vector2(160, 20)
node_connections = [&"output", 0, &"StateMachine"]

[node name="Bobo" node_paths=PackedStringArray("nose_bone", "heart") instance=ExtResource("1_q270a")]
transform = Transform3D(0.999999, 0.00147564, -0.000608615, -0.00147633, 0.999998, -0.00112791, 0.000606952, 0.0011288, 0.999999, 0, 0, 0)
script = ExtResource("2_l7kfl")
nose_bone = NodePath("Armature/Skeleton3D/NoseAttachement")
heart = NodePath("Armature/Skeleton3D/HeartAttachement/Heart")
head_turn_speed = 5.0

[node name="Skeleton3D" parent="Armature" index="0"]
bones/0/position = Vector3(0.374864, 0.0616672, 0.602508)
bones/0/rotation = Quaternion(0.73248, 0.0251986, -1.60558e-06, 0.680322)
bones/1/position = Vector3(-0.374864, 0.0616672, 0.602508)
bones/1/rotation = Quaternion(0.73248, -0.0251986, 1.60558e-06, 0.680322)
bones/2/position = Vector3(0.607595, 0.0649739, -0.0379828)
bones/2/rotation = Quaternion(0.73248, 0.0251985, -1.60726e-06, 0.680322)
bones/3/position = Vector3(-0.607595, 0.0649739, -0.0379828)
bones/3/rotation = Quaternion(0.73248, -0.0251985, 1.60726e-06, 0.680322)
bones/4/position = Vector3(0.0606803, 0.599522, -2.58743)
bones/5/position = Vector3(-1.33242e-16, 2.46829, -1.64327)
bones/6/position = Vector3(1.0917e-09, 1.54825, 0.129288)
bones/6/rotation = Quaternion(-0.852051, -0.00629287, 0.00383074, 0.523408)
bones/7/rotation = Quaternion(0.0324389, 0.518577, 0.854394, -0.00608139)
bones/12/rotation = Quaternion(-0.752728, 0.0455299, 0.0191086, 0.656477)
bones/13/rotation = Quaternion(0.346744, 0.00113683, 0.0411437, 0.937057)
bones/14/rotation = Quaternion(-0.714716, -0.000528909, -0.10505, 0.69148)
bones/15/rotation = Quaternion(-0.761943, -0.0218135, -0.0127279, 0.647152)
bones/16/rotation = Quaternion(0.373622, -0.00112406, -0.044333, 0.92652)
bones/17/rotation = Quaternion(-0.725, -0.0165626, 0.0968214, 0.681708)
bones/18/rotation = Quaternion(-0.330345, 2.90017e-10, 7.97555e-08, 0.94386)
bones/23/rotation = Quaternion(-0.914342, -0.0614735, -0.119039, 0.382137)
bones/24/rotation = Quaternion(0.874407, -0.000688023, 0.0791267, 0.478698)
bones/25/rotation = Quaternion(-0.753122, 0.0507552, 0.0155538, 0.655736)
bones/26/rotation = Quaternion(0.443137, 0.00623601, -0.0114283, 0.89636)
bones/27/rotation = Quaternion(0.0333653, 3.60868e-10, -1.00791e-08, 0.999443)
bones/28/rotation = Quaternion(0.202568, -1.02606e-09, -5.48078e-08, 0.979268)
bones/29/rotation = Quaternion(0.129637, -6.1988e-10, -2.52486e-08, 0.991561)
bones/30/rotation = Quaternion(-0.916332, 0.0645148, 0.152585, 0.364542)
bones/31/rotation = Quaternion(0.878497, 0.000677024, -0.0794967, 0.471087)
bones/32/rotation = Quaternion(-0.747537, -0.0662363, -0.0363108, 0.659911)

[node name="MouthAttachement" type="BoneAttachment3D" parent="Armature/Skeleton3D" index="2"]
transform = Transform3D(0.998259, -0.0401616, 0.0431902, 0.0298979, -0.28664, -0.957572, 0.0508376, 0.957196, -0.28494, -0.00160972, 1.65413, 0.562768)
bone_name = "Mouth"
bone_idx = 10

[node name="Ingredient Trigger" type="Area3D" parent="Armature/Skeleton3D/MouthAttachement" index="0"]
collision_layer = 0
collision_mask = 65540

[node name="CollisionShape3D" type="CollisionShape3D" parent="Armature/Skeleton3D/MouthAttachement/Ingredient Trigger" index="0"]
transform = Transform3D(1.00003, -1.00583e-07, 3.72529e-09, 4.09782e-08, 0.931136, -0.36476, 1.10827e-07, 0.364759, 0.931136, 0.0021261, 0.211683, 0.0907015)
shape = SubResource("BoxShape3D_q270a")

[node name="CollisionShape3D2" type="CollisionShape3D" parent="Armature/Skeleton3D/MouthAttachement/Ingredient Trigger" index="1"]
transform = Transform3D(1.00005, -2.6077e-08, -3.86499e-08, 2.04891e-08, 0.991823, 0.127951, 1.34576e-07, -0.127952, 0.991823, 0.0095447, 0.326333, -0.35825)
shape = SubResource("BoxShape3D_l7kfl")

[node name="Open Mouth Trigger" type="Area3D" parent="Armature/Skeleton3D/MouthAttachement" index="1"]
collision_layer = 0
collision_mask = 65540

[node name="CollisionShape3D" type="CollisionShape3D" parent="Armature/Skeleton3D/MouthAttachement/Open Mouth Trigger" index="0"]
transform = Transform3D(1.00004, -1.86265e-07, 1.52737e-07, 5.21541e-08, 1.00004, -2.95043e-06, 1.08033e-07, 2.98023e-07, 1.00004, 0.0235786, 0.615971, -0.218544)
shape = SubResource("SphereShape3D_q270a")

[node name="NoseAttachement" type="BoneAttachment3D" parent="Armature/Skeleton3D" index="3"]
transform = Transform3D(0.998259, -0.0316551, -0.0497635, 0.0298991, 0.998918, -0.0356453, 0.050838, 0.0340953, 0.998125, -0.0532093, 1.83672, 1.4686)
bone_name = "Nose"
bone_idx = 11

[node name="HeartAttachement" type="BoneAttachment3D" parent="Armature/Skeleton3D" index="4"]
transform = Transform3D(-0.998367, 0.029312, 0.0490366, 0.0298522, 0.999501, 0.0103197, -0.0487097, 0.0117667, -0.998744, 0.0033372, 1.65287, 0.562835)
bone_name = "Head_2"
bone_idx = 7

[node name="Heart" parent="Armature/Skeleton3D/HeartAttachement" index="0" instance=ExtResource("3_l7kfl")]
transform = Transform3D(-0.999124, 0.000389773, -0.0418391, 0.0290282, 0.726617, -0.686429, 0.0301335, -0.687042, -0.725992, -0.0314074, -0.860434, -0.600668)

[node name="Heart" parent="Armature/Skeleton3D/HeartAttachement/Heart" index="0"]
transform = Transform3D(-1.09299, 0.000759077, 0.00564723, 0.00591043, 0.561583, 0.712198, -0.00349548, 0.712214, -0.561576, 0.00301664, 0.129344, -0.326848)

[node name="AnimationPlayer" parent="." index="1"]
speed_scale = 1.533

[node name="AnimationTree" type="AnimationTree" parent="." index="2"]
tree_root = SubResource("AnimationNodeBlendTree_m2324")
anim_player = NodePath("../AnimationPlayer")
parameters/StateMachine/walk_to_sit/blend_position = 1.0

[node name="ShieldHitTimer" type="Timer" parent="." index="3"]
wait_time = 3.0
one_shot = true

[node name="ShieldHitApexTimer" type="Timer" parent="." index="4"]
one_shot = true

[node name="BoboMhhLong" type="AudioStreamPlayer3D" parent="." index="5"]
transform = Transform3D(0.999995, -0.00295334, 0.00121223, 0.0029506, 0.999993, 0.0022585, -0.0012189, -0.00225491, 0.999997, -0.00169455, 1.59439, 1.03988)
stream = ExtResource("4_m2324")
volume_db = -20.0
pitch_scale = 0.8

[node name="BoboMhh" type="AudioStreamPlayer3D" parent="." index="6"]
transform = Transform3D(0.999998, -0.00147633, 0.000606949, 0.00147564, 0.999999, 0.00112881, -0.000608617, -0.0011279, 0.999999, -0.00174614, 1.76326, 1.40614)
stream = ExtResource("4_j1col")
pitch_scale = 0.8

[node name="BoboNom" type="AudioStreamPlayer3D" parent="." index="7"]
transform = Transform3D(0.999998, -0.00147633, 0.000606949, 0.00147564, 0.999999, 0.00112881, -0.000608617, -0.0011279, 0.999999, -0.00174614, 1.76326, 1.40614)
stream = ExtResource("6_f0a55")

[connection signal="bobo_sat_down" from="." to="." method="_on_bobo_sat_down"]
[connection signal="body_entered" from="Armature/Skeleton3D/MouthAttachement/Ingredient Trigger" to="." method="_on_ingredient_trigger_body_entered"]
[connection signal="body_entered" from="Armature/Skeleton3D/MouthAttachement/Open Mouth Trigger" to="." method="_on_ingredient_open_mouth_entered"]
[connection signal="body_exited" from="Armature/Skeleton3D/MouthAttachement/Open Mouth Trigger" to="." method="_on_open_mouth_trigger_body_exited"]
[connection signal="hunger_zero" from="Armature/Skeleton3D/HeartAttachement/Heart" to="." method="_on_heart_hunger_zero"]
[connection signal="animation_finished" from="AnimationTree" to="." method="_on_animation_tree_animation_finished"]
[connection signal="animation_started" from="AnimationTree" to="." method="_on_animation_tree_animation_started"]
[connection signal="timeout" from="ShieldHitTimer" to="." method="_on_shield_hit_timer_timeout"]
[connection signal="timeout" from="ShieldHitApexTimer" to="." method="_on_shield_hit_apex_timer_timeout"]

[editable path="Armature/Skeleton3D/HeartAttachement/Heart"]
